4.000000000000000222e-01
1.333333333333333315e-01
1.428571428571428492e-01
3.571428571428571508e-01
3.793103448275861878e-01
2.857142857142856984e-01
1.034482758620689641e-01
3.103448275862069061e-01
1.428571428571428492e-01
3.571428571428571508e-01
4.285714285714285476e-01
3.103448275862069061e-01
3.793103448275861878e-01
4.193548387096774355e-01
4.285714285714285476e-01
3.793103448275861878e-01
4.193548387096774355e-01
5.714285714285713969e-01
4.285714285714285476e-01
4.375000000000000000e-01
5.999999999999999778e-01
4.285714285714285476e-01
4.285714285714285476e-01
4.000000000000000222e-01
2.592592592592592449e-01
3.571428571428571508e-01
2.666666666666666630e-01
5.172413793103448620e-01
4.482758620689655249e-01
4.482758620689655249e-01
